DynamicObjects.log : 00:03:23.6666666
Interop.log : 00:02:29.8000000
LateBinding.log : 00:02:37.6315789
