DynamicObjects.log : 00:00:33.3000000
Interop.log : 00:00:21.7000000
LateBinding.log : 00:00:22.8000000
